Incubation	Treatment	Replicate	Day	Cl_mM	SO_mM	Al.uM	As.uM	Ba.uM	Ca.mM	Cu.uM	Fe.uM	K.mM	Li.uM	Mg.mM	Mn.uM	Mo.uM	P.uM	Si.uM	Sr.uM	Fe.fer.uM	Sulfide_uM	Sulfur.mmol.g.wet.sediment
1A	Lep.HS	A	0	861.95	1.38	5.456	0.231	3.806	8.569	0	4.686	9.746	3.333	52.206	2.321	0	39.457	297.341	17.941	1.24	643.34	35.5945515
1A	Lep.HS	A	10	1043.818	1.676	5.643	0.693	4.213	6.743	0	4.521	9.911	3.366	52.789	1.958	0.066	31.702	344.641	17.468	4.075	17.37	NA
1A	Lep.HS	A	20	1032.848	1.742	5.456	0.594	4.334	6.897	0	6.754	9.79	3.432	54.769	2.42	0.066	39.589	365.101	18.205	2.05	9.93	NA
1A	Lep.HS	A	30	1054.498	1.352	7.887	0.385	4.114	6.611	0	10.384	9.856	3.454	52.723	2.519	0.077	40.502	350.207	17.633	1.24	12.63	102.6179725
2A	Lep.S	A	0	886.46	1.404	10.802	0.396	5.027	10.307	0.044	7.447	9.79	3.96	53.218	7.568	0.11	44.539	255.937	19.646	1.645	6.55	54.24016486
2A	Lep.S	A	10	1046.978	1.61	1.958	0.253	4.862	10.23	0	2.585	10.087	3.883	53.559	9.152	0.11	50.622	302.016	20.119	4.075	20.41	NA
2A	Lep.S	A	20	1044.604	1.614	5.148	0.231	4.763	10.175	0	14.971	9.9	3.85	53.581	9.845	0.121	44.979	299.178	20.108	5.29	13.31	NA
2A	Lep.S	A	30	1052.228	1.21	15.796	0.209	4.598	9.812	0.055	26.972	9.713	3.828	51.832	9.735	0.099	45.023	298.364	19.58	7.72	7.23	25.01190608
3A	Lep.TS	A	0	881.756	1.432	11.11	0.561	4.631	10.417	0	7.986	9.944	3.905	53.856	7.579	0.11	47.146	261.635	19.58	0.916	9.59	44.41342268
3A	Lep.TS	A	10	1163.15	2.028	1.782	0.352	4.917	10.648	0	2.706	10.054	3.773	55.968	9.009	0.099	59.367	314.6	20.658	4.885	17.03	NA
3A	Lep.TS	A	20	1071.026	1.654	3.443	0.319	4.763	10.406	0	7.876	9.867	3.751	54.461	9.152	0.121	60.016	331.1	20.35	1.645	11.62	NA
3A	Lep.TS	A	30	1056.294	1.84	10.593	0.385	4.499	9.944	0	20.636	9.9	3.674	52.382	9.207	0.099	63.635	320.43	19.635	8.13	5.54	28.53945455
4A	Bir.HS	A	0	1038.17	1.602	4.774	0.165	3.036	6.039	0	2.398	10.01	3.069	55.319	85.129	0	11.088	277.684	16.28	3.67	126.35	440.7080198
4A	Bir.HS	A	2	NA	NA	19.448	0.242	3.146	5.137	0	8.239	9.977	2.882	51.194	47.696	0.022	16.269	297.616	15.015	NA	80.55	NA
4A	Bir.HS	A	6	1040.906	1.646	2.893	0.044	3.641	5.192	0	1.463	10.065	2.651	53.911	41.448	0	19.096	314.721	16.115	NA	143.404	NA
4A	Bir.HS	A	10	1041.63	1.7	2.134	0.231	3.564	4.774	0	1.111	10.087	2.486	50.644	35.035	0.011	19.899	323.983	15.147	5.695	64.47	NA
4A	Bir.HS	A	14	NA	NA	1.166	0.121	3.872	5.093	0	0.583	9.812	2.288	54.34	36.993	0	22.605	349.602	16.324	NA	120.559	NA
4A	Bir.HS	A	20	1049.572	1.294	6.358	0.11	3.861	4.994	0	3.575	10.032	2.277	52.965	39.204	0	23.562	378.048	16.17	0.835	206.78	979.9190008
4B	Bir.HS	B	0	1053.666	1.644	7.502	0.319	3.014	5.764	0	4.301	10.318	3.553	53.856	134.552	0.044	9.141	252.01	15.961	1.645	52.01	NA
4B	Bir.HS	B	2	NA	NA	19.591	0.748	3.267	5.093	0.011	8.723	10.032	3.333	54.373	64.691	0.121	15.928	278.784	15.719	NA	64.86	NA
4B	Bir.HS	B	6	1044.508	1.662	11.187	0.352	3.553	4.708	0	5.148	10.109	3.091	51.843	56.518	0.066	18.92	295.801	15.312	NA	56.225	NA
4B	Bir.HS	B	10	1050.506	1.728	11.187	0.275	3.883	4.752	0	6.017	10.417	2.849	53.328	55.836	0.033	22.22	341.737	15.939	6.1	49.8	NA
4B	Bir.HS	B	14	NA	NA	1.881	0.066	3.861	4.686	0	1.056	9.9	2.42	52.272	58.047	0	22.781	332.838	15.653	NA	176.373	NA
4B	Bir.HS	B	20	1054.732	1.316	6.237	0.022	4.18	5.016	0	3.289	10.197	2.387	55.759	58.652	0	26.07	395.901	17.05	0.835	172.19	NA
4C	Bir.HS	C	0	1034.202	1.612	9.339	0.308	3.058	5.808	0	5.192	10.395	3.641	54.076	123.794	0.055	9.933	253.451	16.049	2.455	62.15	NA
4C	Bir.HS	C	2	NA	NA	70.444	0.792	3.3	5.027	0	26.664	10.164	3.575	53.471	62.491	0.121	17.523	366.784	15.587	NA	66.55	NA
4C	Bir.HS	C	6	1047.634	1.654	13.068	0.253	3.608	4.785	0	6.182	10.142	3.168	53.053	55.803	0.088	19.393	305.327	15.664	NA	60.955	NA
4C	Bir.HS	C	10	1047.666	1.714	1.353	0.209	3.718	4.598	0	1.573	10.065	2.739	51.931	50.985	0.011	21.626	313.247	15.345	4.48	96.1	NA
4C	Bir.HS	C	14	NA	NA	2.739	0.099	3.916	4.653	0	1.375	10.175	2.563	52.041	57.871	0	23.364	342.243	15.763	NA	196.647	NA
4C	Bir.HS	C	20	1025.808	1.268	4.675	0.088	3.795	4.543	0	2.596	10.142	2.376	51.051	51.645	0	24.013	359.282	15.499	1.24	205.98	NA
5A	Bir.S	A	0	939.516	1.466	9.867	0.231	0.11	10.021	0	4.708	10.098	3.894	52.063	32.978	0.121	31.768	247.753	16.181	0.43	7.57	249.5151697
5A	Bir.S	A	2	NA	NA	51.843	0.11	0.187	8.866	0	20.416	10.197	4.477	51.909	210.089	0.121	15.444	292.193	16.247	NA	6.21	NA
5A	Bir.S	A	6	1051.654	1.698	17.182	0.198	0.825	7.612	0	7.876	10.549	4.851	53.834	325.16	0.121	7.898	258.093	17.523	NA	36.288	NA
5A	Bir.S	A	10	1039.064	1.788	6.798	0.121	3.113	6.666	0	3.113	10.406	4.829	51.964	298.023	0.121	5.984	247.709	17.336	4.48	10.61	NA
5A	Bir.S	A	14	NA	NA	2.904	0.099	5.555	6.842	0	1.386	10.582	4.972	56.584	325.974	0.154	5.544	260.59	19.206	NA	9.256	NA
5A	Bir.S	A	20	1067.574	1.746	20.845	0.451	5.929	6.215	0	18.161	10.307	4.895	52.019	267.586	0.11	13.332	286.363	17.809	3.265	4.53	140.161167
5B	Bir.S	B	0	946.096	1.47	9.933	0.033	0.143	10.175	0	4.752	10.175	3.894	53.394	32.483	0.121	33.759	251.152	16.61	0.43	9.93	NA
5B	Bir.S	B	2	NA	NA	58.564	0.066	0.209	9.537	0.132	25.19	10.197	4.444	55.583	225.995	0.143	17.743	322.817	17.523	NA	16.01	NA
5B	Bir.S	B	6	1043.814	1.67	4.301	0.11	1.001	7.678	0	1.859	10.384	4.719	54.153	326.381	0.143	7.821	236.94	17.633	NA	20.069	NA
5B	Bir.S	B	10	1019.108	1.754	1.43	0.121	3.564	6.611	0	0.55	10.384	4.774	51.513	301.081	0.121	6.116	233.706	17.303	3.67	10.27	NA
5B	Bir.S	B	14	NA	NA	2.068	0.143	5.929	6.919	0	1.056	10.428	4.796	56.056	318.846	0.132	5.533	258.544	19.096	NA	10.608	NA
5B	Bir.S	B	20	1042.668	1.678	5.709	0.319	6.237	6.589	0	10.901	10.285	4.774	54.428	272.492	0.132	15.763	272.624	18.678	2.86	9.26	NA
5C	Bir.S	C	0	905.294	1.402	12.903	0.308	0.099	10.582	0.033	6.193	10.131	3.751	55.407	37.334	0.099	38.401	278.96	17.116	0.025	5.2	NA
5C	Bir.S	C	2	NA	NA	78.364	0.209	0.22	9.647	0.055	30.129	10.351	4.422	56.078	239.294	0.121	19.822	370.975	17.622	NA	8.24	NA
5C	Bir.S	C	6	1041.554	1.672	8.437	0.286	0.781	7.788	0.066	3.432	10.439	4.697	54.516	323.345	0.132	8.36	252.945	17.743	NA	18.041	NA
5C	Bir.S	C	10	1040.59	1.812	2.321	0.077	2.475	6.831	0	0.88	10.373	4.73	51.975	300.806	0.154	6.732	242.308	17.336	4.48	11.28	NA
5C	Bir.S	C	14	NA	NA	5.401	0.143	4.62	6.897	0	2.695	10.494	4.862	54.78	326.106	0.143	5.72	261.624	18.645	NA	36.964	NA
5C	Bir.S	C	20	1045.124	1.678	4.422	0.198	6.039	6.336	0	5.17	10.285	4.829	52.437	279.477	0.121	10.098	265.287	17.952	1.24	13.31	NA
6A	Bir.TS	A	0	950.738	1.52	10.637	0.209	0.165	10.681	0	5.434	10.087	3.641	56.155	17.38	0.088	38.038	268.576	17.292	1.24	10.95	171.6571355
6A	Bir.TS	A	2	NA	NA	40.92	0.022	0.154	8.998	0	18.018	10.087	4.378	52.393	200.497	0.121	17.127	273.141	16.17	NA	4.53	NA
6A	Bir.TS	A	6	1052.856	1.736	25.872	0.231	0.539	7.491	0	12.166	10.34	4.884	53.251	313.566	0.154	8.316	264.561	17.094	NA	24.8	NA
6A	Bir.TS	A	10	1039.36	1.834	1.672	0	2.112	7.117	0	0.462	10.769	4.895	55.847	321.442	0.154	7.095	243.936	18.436	4.075	12.97	NA
6A	Bir.TS	A	14	NA	NA	4.092	0.088	3.806	6.501	0	1.991	10.285	4.972	53.526	318.362	0.176	4.73	237.237	17.886	NA	12.297	NA
6A	Bir.TS	A	20	1046.11	1.902	5.753	0.132	5.885	6.072	0	4.488	10.439	4.928	51.887	298.606	0.132	7.238	254.76	17.765	1.645	12.3	78.93300418
6B	Bir.TS	B	0	939.798	1.522	13.013	0.143	0.099	10.802	0.088	7.04	10.362	4.059	56.672	13.497	0.132	28.523	258.698	17.424	1.645	13.65	NA
6B	Bir.TS	B	2	NA	NA	77.286	0	0.143	8.712	0.088	31.955	10.406	4.807	51.997	176.286	0.121	14.168	330.484	15.796	NA	6.55	NA
6B	Bir.TS	B	6	1047.084	1.696	19.91	0.044	0.275	7.37	0	10.241	10.56	5.28	53.999	299.09	0.143	6.831	245.751	16.852	NA	27.503	NA
6B	Bir.TS	B	10	1037.85	1.814	3.223	0.165	2.464	6.435	0	1.485	10.846	5.335	56.221	344.278	0.143	5.357	231.693	18.359	4.48	13.31	NA
6B	Bir.TS	B	14	NA	NA	2.53	0	3.993	5.753	0	2.002	10.494	5.269	52.338	306.548	0.143	4.422	216.161	17.38	NA	16.01	NA
6B	Bir.TS	B	20	1042.548	1.698	17.182	0.033	5.346	5.357	0	10.329	10.34	5.346	51.381	236.489	0.154	8.481	247.269	17.336	1.24	23.79	NA
6C	Bir.TS	C	0	938.266	1.504	12.441	0.418	0.11	10.538	0	5.456	10.109	3.784	55.242	19.173	0.11	30.591	250.338	16.885	1.645	11.62	NA
6C	Bir.TS	C	2	NA	NA	54.549	0.165	0.154	9.13	0.099	24.475	10.23	4.576	53.856	198.891	0.11	16.478	298.221	16.478	NA	5.2	NA
6C	Bir.TS	C	6	1041.442	1.708	20.823	0.132	0.484	7.557	0	10.78	10.395	4.807	54.131	314.16	0.154	7.678	248.787	17.215	NA	25.813	NA
6C	Bir.TS	C	10	1044.296	1.836	3.267	0.143	2.189	6.919	0	1.397	10.747	5.082	55.253	327.096	0.165	5.984	236.423	18.194	0.025	10.95	NA
6C	Bir.TS	C	14	NA	NA	4.444	0.176	3.883	6.501	0	2.332	10.417	5.082	54.516	325.809	0.22	4.422	232.342	18.139	NA	19.06	NA
6C	Bir.TS	C	20	1058.34	1.96	16.313	0.187	5.874	6.072	0	10.395	10.45	5.159	53.174	299.508	0.143	7.227	267.85	18.084	1.645	22.43	NA
7A	Bir.Ac	A	0	949.866	1.54	14.146	0.341	0.099	10.582	0	8.019	10.692	3.773	54.736	2.387	0.077	19.822	243.221	17.699	1.24	10.61	NA
7A	Bir.Ac	A	2	NA	NA	NA	NA	NA	NA	NA	NA	NA	NA	NA	NA	NA	NA	NA	NA	NA	8.58	NA
7A	Bir.Ac	A	6	1090.934	1.786	14.311	0.209	0.176	10.263	0	6.622	10.747	4.202	53.746	286.374	0.132	11.946	216.612	16.555	NA	25.475	NA
7A	Bir.Ac	A	10	1063.86	1.778	2.64	0.077	0.572	10.747	0	0.902	10.857	4.323	56.001	441.287	0.132	9.284	189.255	18.161	0.43	10.27	NA
7A	Bir.Ac	A	14	NA	NA	6.809	0	0.979	10.384	0	3.19	10.56	4.378	53.911	493.581	0.154	7.766	165.737	17.864	NA	20.07	NA
7A	Bir.Ac	A	20	1103.672	1.386	22.748	0.165	2.013	10.846	0	12.782	10.802	4.565	56.859	597.729	0.143	6.094	197.219	19.668	1.645	35.61	NA
7B	Bir.Ac	B	0	953.608	1.546	6.666	0.165	0.187	10.879	0	3.08	10.549	3.729	56.617	1.694	0.077	17.699	226.699	18.326	1.24	4.19	NA
7B	Bir.Ac	B	2	NA	NA	NA	NA	NA	NA	NA	NA	NA	NA	NA	NA	NA	NA	NA	NA	NA	7.9	NA
7B	Bir.Ac	B	6	1094.802	1.78	NA	NA	NA	NA	NA	NA	NA	NA	NA	NA	NA	NA	NA	NA	NA	22.434	NA
7B	Bir.Ac	B	10	1074.582	1.776	2.574	0.044	0.55	11.165	0.011	0.836	10.736	4.29	58.388	448.69	0.165	9.383	185.592	18.744	0.43	11.28	NA
7B	Bir.Ac	B	14	NA	NA	5.126	0	0.935	10.428	0	2.024	10.56	4.4	54.538	494.252	0.132	7.326	158.906	18.128	NA	19.73	NA
7B	Bir.Ac	B	20	1102.212	1.382	14.3	0.033	1.815	10.527	0	7.051	10.791	4.543	54.824	564.146	0.132	6.028	172.007	18.854	0.835	24.46	NA
7C	Bir.Ac	C	0	934.852	1.518	4.697	0.176	0.11	10.373	0	2.189	10.604	3.63	54.164	2.684	0.077	24.442	239.393	17.457	1.645	2.84	NA
7C	Bir.Ac	C	2	NA	NA	34.419	0.264	0.099	10.439	0	13.31	10.549	3.916	54.351	88.429	0.11	18.865	265.496	16.665	NA	8.24	NA
7C	Bir.Ac	C	6	1094.476	1.804	11.616	0.132	0.187	11.044	0.022	4.675	10.857	4.125	57.695	316.371	0.143	14.443	234.014	17.952	NA	38.992	NA
7C	Bir.Ac	C	10	1086.252	1.836	2.695	0.022	0.583	10.659	0	1.023	10.758	4.147	55.385	439.362	0.121	11.22	191.961	17.941	0.025	8.58	NA
7C	Bir.Ac	C	14	NA	NA	5.632	0.242	1.045	10.604	0	1.353	10.604	4.202	54.945	511.522	0.132	9.141	165.176	18.304	NA	17.7	NA
7C	Bir.Ac	C	20	1080.92	1.366	12.694	0	2.057	10.329	0	6.424	10.835	4.433	54.164	585.398	0.132	6.699	170.478	18.832	0.835	26.15	NA
8A	Ac	A	0	929.768	1.476	7.161	0.583	4.785	11.143	0	4.741	10.417	4.026	57.838	7.766	0.121	48.565	218.526	20.999	1.645	6.55	NA
8A	Ac	A	2	NA	NA	19.976	0.616	4.884	11.154	0	9.966	10.395	3.916	57.783	8.206	0.132	56.1	247.852	21.01	NA	7.9	NA
8A	Ac	A	6	1094.996	1.708	11.946	0.242	5.258	11.308	0	5.929	10.472	3.564	58.047	8.998	0.055	76.23	310.123	21.472	3.339	29.868	NA
8A	Ac	A	10	1100.61	1.694	2.123	0.407	5.159	10.846	0	1.672	10.582	3.366	55.781	8.8	0.077	76.681	312.466	20.878	1.24	14.32	NA
8A	Ac	A	14	NA	NA	2.42	0.165	5.467	11.517	0	1.925	10.549	3.19	59.268	9.262	0.055	85.338	335.423	22.341	NA	25.48	NA
8A	Ac	A	20	1113.394	1.198	9.295	0.352	5.181	10.901	0	5.698	10.483	3.036	56.309	9.24	0.011	82.731	354.167	21.197	2.05	26.15	NA
8B	Ac	B	0	1101.58	1.716	NA	NA	NA	NA	NA	NA	NA	NA	NA	NA	NA	NA	NA	NA	1.645	5.2	NA
8B	Ac	B	2	NA	NA	48.455	0.605	4.697	10.923	0.099	18.051	10.406	3.85	56.133	8.096	0.088	64.108	306.361	20.471	NA	9.93	NA
8B	Ac	B	6	1112.292	1.734	7.304	0.484	5.203	11.176	0.033	3.696	10.626	3.575	57.827	8.415	0.077	77.55	312.829	21.549	4.173	18.379	NA
8B	Ac	B	10	1101.914	1.696	4.07	0.561	5.423	11.638	0.022	49.698	10.725	3.344	59.928	8.8	0.066	83.798	336.512	22.385	0.835	13.65	NA
8B	Ac	B	14	NA	NA	1.584	0.297	5.082	10.857	0	1.386	10.318	3.157	55.429	7.799	0.033	80.487	315.348	20.845	NA	19.06	NA
8B	Ac	B	20	1118.882	1.216	10.065	0.407	5.302	11.11	0	5.863	10.439	3.091	56.65	8.547	0.033	83.369	356.026	21.582	2.05	21.08	NA
8C	Ac	C	0	932.488	1.486	5.863	0.418	5.016	11.308	0	4.532	10.505	4.103	57.805	7.722	0.11	42.163	205.205	21.219	1.645	3.51	NA
8C	Ac	C	2	NA	NA	27.357	0.561	5.126	11.396	0.088	14.135	10.615	4.147	58.454	8.25	0.121	50.831	247.291	21.56	NA	6.55	NA
8C	Ac	C	6	1089.938	1.704	6.292	0.308	5.577	11.363	0	3.729	10.593	3.817	58.652	8.866	0.055	74.096	298.507	21.846	7.438	33.247	NA
8C	Ac	C	10	1110.408	1.71	1.639	0.341	5.522	11.33	0	1.771	10.615	3.432	57.959	8.789	0.077	77.99	321.563	21.846	1.645	17.7	NA
8C	Ac	C	14	NA	NA	5.973	0.154	5.588	11.033	0.055	3.322	10.384	3.267	57.101	8.602	0.033	79.453	325.182	21.626	NA	20.07	NA
8C	Ac	C	20	1092.362	1.162	NA	NA	NA	NA	NA	NA	NA	NA	NA	NA	NA	NA	NA	NA	2.455	29.19	NA
9A	C	A	0	912.72	1.43	10.923	0.737	4.697	10.879	0	8.503	10.34	3.872	56.617	8.613	0.099	65.769	270.215	20.625	1.645	2.84	185.2633939
9A	C	A	6	1066.664	1.636	4.972	0.616	4.664	10.34	0	3.234	10.164	3.685	53.856	7.601	0.066	81.95	315.744	19.877	1.645	33.585	NA
9A	C	A	10	1065.092	1.604	3.443	0.55	4.73	10.593	0	2.057	10.263	3.366	55.143	7.359	0.055	87.956	329.417	20.328	1.24	20.74	NA
9A	C	A	14	NA	NA	1.661	0.517	4.653	10.483	0.033	1.881	9.966	3.223	54.516	7.161	0.066	88.704	321.057	20.229	NA	17.37	NA
9A	C	A	20	1074.228	1.194	8.723	0.451	4.807	10.747	0	5.291	10.164	3.245	55.55	7.7	0.055	91.674	364.958	20.757	1.645	14.66	33.32684176
9B	C	B	0	919.8	1.432	4.444	0.528	4.763	10.89	0	5.401	10.395	3.949	56.155	8.481	0.099	61.149	249.755	20.427	1.645	7.23	NA
9B	C	B	6	1064.164	1.632	7.931	0.506	5.137	11.286	0	4.026	10.285	3.795	58.421	8.36	0.132	89.419	340.56	21.648	1.645	43.046	NA
9B	C	B	10	1060.916	1.606	3.553	0.429	4.708	10.362	0	2.222	10.142	3.333	54.351	7.26	0.066	87.219	321.145	20.009	0.025	24.12	NA
9B	C	B	14	NA	NA	2.365	0.253	4.884	10.835	0	1.914	10.142	3.245	56.518	7.524	0.066	91.058	332.75	20.977	NA	20.74	NA
9B	C	B	20	1074.042	1.188	7.865	0.341	4.774	10.571	0	4.873	10.307	3.168	54.769	7.469	0.055	91.663	359.469	20.537	2.536	15	NA
9B	C	B	30	1084.294	1.198	14.168	0.539	4.983	10.813	0.033	8.789	10.318	3.377	56.397	8.349	0.055	93.962	400.169	21.406	0.83	0.47	28.53945455
1B	Lep.HS	B	0	875.85	1.418	NA	NA	NA	NA	NA	NA	NA	NA	NA	NA	NA	NA	NA	NA	1.24	704.17	NA
1C	Lep.HS	C	0	931.23	1.504	NA	NA	NA	NA	NA	NA	NA	NA	NA	NA	NA	NA	NA	NA	1.24	623.07	NA
2B	Lep.S	B	0	870.192	1.366	NA	NA	NA	NA	NA	NA	NA	NA	NA	NA	NA	NA	NA	NA	2.455	6.89	NA
2C	Lep.S	C	0	833.156	1.31	NA	NA	NA	NA	NA	NA	NA	NA	NA	NA	NA	NA	NA	NA	1.24	8.92	NA
3B	Lep.TS	B	0	890.246	1.496	NA	NA	NA	NA	NA	NA	NA	NA	NA	NA	NA	NA	NA	NA	0.835	10.95	NA
3C	Lep.TS	C	0	941.82	1.534	NA	NA	NA	NA	NA	NA	NA	NA	NA	NA	NA	NA	NA	NA	0.43	11.62	NA
1B	Lep.HS	B	10	1050.01	1.724	NA	NA	NA	NA	NA	NA	NA	NA	NA	NA	NA	NA	NA	NA	4.48	11.96	NA
1C	Lep.HS	C	10	1040.71	1.668	NA	NA	NA	NA	NA	NA	NA	NA	NA	NA	NA	NA	NA	NA	4.885	10.27	NA
2B	Lep.S	B	10	1050.916	1.624	NA	NA	NA	NA	NA	NA	NA	NA	NA	NA	NA	NA	NA	NA	4.075	8.24	NA
2C	Lep.S	C	10	1048.288	1.616	NA	NA	NA	NA	NA	NA	NA	NA	NA	NA	NA	NA	NA	NA	4.48	6.89	NA
3B	Lep.TS	B	10	1047.334	1.82	NA	NA	NA	NA	NA	NA	NA	NA	NA	NA	NA	NA	NA	NA	4.48	19.39	NA
3C	Lep.TS	C	10	1026.752	1.822	NA	NA	NA	NA	NA	NA	NA	NA	NA	NA	NA	NA	NA	NA	4.48	8.24	NA
1B	Lep.HS	B	20	1035.994	1.806	NA	NA	NA	NA	NA	NA	NA	NA	NA	NA	NA	NA	NA	NA	2.05	9.93	NA
1C	Lep.HS	C	20	1049.974	1.72	NA	NA	NA	NA	NA	NA	NA	NA	NA	NA	NA	NA	NA	NA	2.05	8.24	NA
2B	Lep.S	B	20	1036.516	1.6	NA	NA	NA	NA	NA	NA	NA	NA	NA	NA	NA	NA	NA	NA	2.86	13.65	NA
2C	Lep.S	C	20	1048.6	1.2	NA	NA	NA	NA	NA	NA	NA	NA	NA	NA	NA	NA	NA	NA	8.126	7.23	NA
3B	Lep.TS	B	20	1045.572	1.576	NA	NA	NA	NA	NA	NA	NA	NA	NA	NA	NA	NA	NA	NA	6.91	8.24	NA
3C	Lep.TS	C	20	1060.418	1.638	NA	NA	NA	NA	NA	NA	NA	NA	NA	NA	NA	NA	NA	NA	1.24	12.97	NA
1B	Lep.HS	B	30	1059.54	1.42	NA	NA	NA	NA	NA	NA	NA	NA	NA	NA	NA	NA	NA	NA	0.43	6.89	NA
1C	Lep.HS	C	30	1052.406	1.284	NA	NA	NA	NA	NA	NA	NA	NA	NA	NA	NA	NA	NA	NA	2.86	9.26	NA
2B	Lep.S	B	30	1054.234	1.218	NA	NA	NA	NA	NA	NA	NA	NA	NA	NA	NA	NA	NA	NA	6.1	4.86	NA
2C	Lep.S	C	30	1051.37	1.226	NA	NA	NA	NA	NA	NA	NA	NA	NA	NA	NA	NA	NA	NA	4.08	4.53	NA
3B	Lep.TS	B	30	1052.986	1.806	NA	NA	NA	NA	NA	NA	NA	NA	NA	NA	NA	NA	NA	NA	2.05	8.58	NA
3C	Lep.TS	C	30	1054.716	1.896	NA	NA	NA	NA	NA	NA	NA	NA	NA	NA	NA	NA	NA	NA	3.26	6.21	NA
1A	Lep.HS	A	3	NA	NA	NA	NA	NA	NA	NA	NA	NA	NA	NA	NA	NA	NA	NA	NA	0	44.06	NA
1B	Lep.HS	B	3	NA	NA	NA	NA	NA	NA	NA	NA	NA	NA	NA	NA	NA	NA	NA	NA	0	95.42	NA
1C	Lep.HS	C	3	NA	NA	NA	NA	NA	NA	NA	NA	NA	NA	NA	NA	NA	NA	NA	NA	0	42.71	NA
2A	Lep.S	A	3	NA	NA	NA	NA	NA	NA	NA	NA	NA	NA	NA	NA	NA	NA	NA	NA	0	17.37	NA
2B	Lep.S	B	3	NA	NA	NA	NA	NA	NA	NA	NA	NA	NA	NA	NA	NA	NA	NA	NA	0	15.34	NA
2C	Lep.S	C	3	NA	NA	NA	NA	NA	NA	NA	NA	NA	NA	NA	NA	NA	NA	NA	NA	2.455	21.76	NA
3A	Lep.TS	A	3	NA	NA	NA	NA	NA	NA	NA	NA	NA	NA	NA	NA	NA	NA	NA	NA	2.455	17.7	NA
3B	Lep.TS	B	3	NA	NA	NA	NA	NA	NA	NA	NA	NA	NA	NA	NA	NA	NA	NA	NA	2.455	21.76	NA
3C	Lep.TS	C	3	NA	NA	NA	NA	NA	NA	NA	NA	NA	NA	NA	NA	NA	NA	NA	NA	3.265	16.35	NA
9A	C	A	3	NA	NA	NA	NA	NA	NA	NA	NA	NA	NA	NA	NA	NA	NA	NA	NA	4.075	12.97	NA
9B	C	B	3	NA	NA	NA	NA	NA	NA	NA	NA	NA	NA	NA	NA	NA	NA	NA	NA	2.86	14.32	NA
1A	Lep.HS	A	6	NA	NA	NA	NA	NA	NA	NA	NA	NA	NA	NA	NA	NA	NA	NA	NA	0.835	16.69	NA
1B	Lep.HS	B	6	NA	NA	NA	NA	NA	NA	NA	NA	NA	NA	NA	NA	NA	NA	NA	NA	0.43	15.676	NA
1C	Lep.HS	C	6	NA	NA	NA	NA	NA	NA	NA	NA	NA	NA	NA	NA	NA	NA	NA	NA	0.835	16.014	NA
2A	Lep.S	A	6	NA	NA	NA	NA	NA	NA	NA	NA	NA	NA	NA	NA	NA	NA	NA	NA	0.43	9.256	NA
2B	Lep.S	B	6	NA	NA	NA	NA	NA	NA	NA	NA	NA	NA	NA	NA	NA	NA	NA	NA	0.025	13.987	NA
2C	Lep.S	C	6	NA	NA	NA	NA	NA	NA	NA	NA	NA	NA	NA	NA	NA	NA	NA	NA	0.43	8.58	NA
3A	Lep.TS	A	6	NA	NA	NA	NA	NA	NA	NA	NA	NA	NA	NA	NA	NA	NA	NA	NA	1.24	10.27	NA
3B	Lep.TS	B	6	NA	NA	NA	NA	NA	NA	NA	NA	NA	NA	NA	NA	NA	NA	NA	NA	0.43	10.608	NA
3C	Lep.TS	C	6	NA	NA	NA	NA	NA	NA	NA	NA	NA	NA	NA	NA	NA	NA	NA	NA	0.835	8.58	NA
1A	Lep.HS	A	15	NA	NA	NA	NA	NA	NA	NA	NA	NA	NA	NA	NA	NA	NA	NA	NA	2.05	19.06	NA
1B	Lep.HS	B	15	NA	NA	NA	NA	NA	NA	NA	NA	NA	NA	NA	NA	NA	NA	NA	NA	1.24	16.69	NA
1C	Lep.HS	C	15	NA	NA	NA	NA	NA	NA	NA	NA	NA	NA	NA	NA	NA	NA	NA	NA	2.86	9.26	NA
2A	Lep.S	A	15	NA	NA	NA	NA	NA	NA	NA	NA	NA	NA	NA	NA	NA	NA	NA	NA	12.986	16.01	NA
2B	Lep.S	B	15	NA	NA	NA	NA	NA	NA	NA	NA	NA	NA	NA	NA	NA	NA	NA	NA	10.961	11.96	NA
2C	Lep.S	C	15	NA	NA	NA	NA	NA	NA	NA	NA	NA	NA	NA	NA	NA	NA	NA	NA	6.91	12.97	NA
3A	Lep.TS	A	15	NA	NA	NA	NA	NA	NA	NA	NA	NA	NA	NA	NA	NA	NA	NA	NA	6.91	10.61	NA
3B	Lep.TS	B	15	NA	NA	NA	NA	NA	NA	NA	NA	NA	NA	NA	NA	NA	NA	NA	NA	4.48	8.24	NA
3C	Lep.TS	C	15	NA	NA	NA	NA	NA	NA	NA	NA	NA	NA	NA	NA	NA	NA	NA	NA	4.48	15.68	NA
9A	C	A	15	NA	NA	NA	NA	NA	NA	NA	NA	NA	NA	NA	NA	NA	NA	NA	NA	2.455	NA	NA
9B	C	B	15	NA	NA	NA	NA	NA	NA	NA	NA	NA	NA	NA	NA	NA	NA	NA	NA	2.455	NA	NA
1A	Lep.HS	A	27	NA	NA	NA	NA	NA	NA	NA	NA	NA	NA	NA	NA	NA	NA	NA	NA	1.24	10.95	NA
1B	Lep.HS	B	27	NA	NA	NA	NA	NA	NA	NA	NA	NA	NA	NA	NA	NA	NA	NA	NA	0.43	10.95	NA
1C	Lep.HS	C	27	NA	NA	NA	NA	NA	NA	NA	NA	NA	NA	NA	NA	NA	NA	NA	NA	0.835	12.97	NA
2A	Lep.S	A	27	NA	NA	NA	NA	NA	NA	NA	NA	NA	NA	NA	NA	NA	NA	NA	NA	17.037	15	NA
2B	Lep.S	B	27	NA	NA	NA	NA	NA	NA	NA	NA	NA	NA	NA	NA	NA	NA	NA	NA	11.366	14.66	NA
2C	Lep.S	C	27	NA	NA	NA	NA	NA	NA	NA	NA	NA	NA	NA	NA	NA	NA	NA	NA	8.531	10.61	NA
3A	Lep.TS	A	27	NA	NA	NA	NA	NA	NA	NA	NA	NA	NA	NA	NA	NA	NA	NA	NA	4.885	16.69	NA
3B	Lep.TS	B	27	NA	NA	NA	NA	NA	NA	NA	NA	NA	NA	NA	NA	NA	NA	NA	NA	4.075	11.96	NA
3C	Lep.TS	C	27	NA	NA	NA	NA	NA	NA	NA	NA	NA	NA	NA	NA	NA	NA	NA	NA	4.885	16.01	NA
9B	C	B	27	NA	NA	NA	NA	NA	NA	NA	NA	NA	NA	NA	NA	NA	NA	NA	NA	1.24	17.37	NA
4A	Bir.HS	A	8	NA	NA	NA	NA	NA	NA	NA	NA	NA	NA	NA	NA	NA	NA	NA	NA	NA	122.792	NA
4B	Bir.HS	B	8	NA	NA	NA	NA	NA	NA	NA	NA	NA	NA	NA	NA	NA	NA	NA	NA	NA	35.407	NA
4C	Bir.HS	C	8	NA	NA	NA	NA	NA	NA	NA	NA	NA	NA	NA	NA	NA	NA	NA	NA	NA	36.083	NA
5A	Bir.S	A	8	NA	NA	NA	NA	NA	NA	NA	NA	NA	NA	NA	NA	NA	NA	NA	NA	NA	11.621	NA
5B	Bir.S	B	8	NA	NA	NA	NA	NA	NA	NA	NA	NA	NA	NA	NA	NA	NA	NA	NA	NA	9.256	NA
5C	Bir.S	C	8	NA	NA	NA	NA	NA	NA	NA	NA	NA	NA	NA	NA	NA	NA	NA	NA	NA	12.297	NA
6A	Bir.TS	A	8	NA	NA	NA	NA	NA	NA	NA	NA	NA	NA	NA	NA	NA	NA	NA	NA	NA	8.242	NA
6B	Bir.TS	B	8	NA	NA	NA	NA	NA	NA	NA	NA	NA	NA	NA	NA	NA	NA	NA	NA	NA	8.242	NA
6C	Bir.TS	C	8	NA	NA	NA	NA	NA	NA	NA	NA	NA	NA	NA	NA	NA	NA	NA	NA	NA	9.256	NA
7A	Bir.Ac	A	8	NA	NA	NA	NA	NA	NA	NA	NA	NA	NA	NA	NA	NA	NA	NA	NA	NA	9.256	NA
7B	Bir.Ac	B	8	NA	NA	NA	NA	NA	NA	NA	NA	NA	NA	NA	NA	NA	NA	NA	NA	NA	8.58	NA
7C	Bir.Ac	C	8	NA	NA	NA	NA	NA	NA	NA	NA	NA	NA	NA	NA	NA	NA	NA	NA	NA	7.566	NA
8A	Ac	A	8	NA	NA	NA	NA	NA	NA	NA	NA	NA	NA	NA	NA	NA	NA	NA	NA	NA	27.165	NA
8B	Ac	B	8	NA	NA	NA	NA	NA	NA	NA	NA	NA	NA	NA	NA	NA	NA	NA	NA	NA	19.393	NA
8C	Ac	C	8	NA	NA	NA	NA	NA	NA	NA	NA	NA	NA	NA	NA	NA	NA	NA	NA	NA	27.165	NA
10A	Bir	A	0	570.396	0.476	7.469	0	0	10.12	8.789	4.598	9.68	0	52.822	0	0	92.994	244.893	20.889	2.47	4.71	NA
10B	Bir	B	0	567.918	0.484	0	0	0	10.395	2.42	1.771	9.735	0	54.802	0	0	91.63	230.725	21.538	1.73	11.51	NA
10C	Bir	C	0	568.284	0.482	0	0	0	9.834	0	1.419	9.625	0	51.15	0	0	95.04	229.988	20.361	0.99	12.78	NA
11	C_2	A	0	590.728	0.566	0	0	2.068	9.691	0	2.629	9.592	0	50.281	8.019	0	116.897	215.589	22.506	4.69	14.9	NA
10A	Bir	A	1	570.268	0.498	0	0	0	9.119	0	0	9.339	0	51.59	130.68	0	56.804	227.062	18.645	1.36	14.05	NA
10B	Bir	B	1	575.552	0.492	0	0	0	8.877	0	0	9.449	0	50.611	132.924	0	46.376	205.315	18.018	2.1	8.11	NA
10C	Bir	C	1	572.378	0.532	0	0	0	8.833	0	0	9.251	0	49.808	131.362	0	57.497	220.088	18.216	1.36	8.96	NA
11	C_2	A	1	581.19	0.562	0	0	2.156	9.746	0	2.277	9.141	0	50.787	8.569	0	133.034	229.493	22.77	2.1	3.43	NA
10A	Bir	A	2	603.358	1	0	0	0	7.535	0	2.167	9.889	0	48.224	208.34	0	24.651	206.987	17.655	6.17	3.01	NA
10B	Bir	B	2	576.756	0.496	10.593	0	0	7.821	0	6.05	9.79	0	50.424	223.113	0	19.679	213.653	18.282	5.43	3.86	NA
10C	Bir	C	2	572.722	0.504	9.438	0	0	8.36	0	5.588	9.966	0	52.866	224.994	0	31.053	236.159	19.69	4.32	4.71	NA
11	C_2	A	2	581.572	0.566	5.357	0	2.299	9.625	0	5.709	9.57	0	51.249	9.064	0	136.444	259.666	23.155	9.12	5.13	NA
10A	Bir	A	3	568.862	0.496	11.605	0	0	7.216	0	7.678	9.889	0	50.688	237.281	0	16.082	222.937	18.755	3.58	0	NA
10B	Bir	B	3	573.992	0.498	0	0	0	6.985	0	1.617	10.043	0	49.544	241.747	0	0	188.98	18.018	3.58	3.01	NA
10C	Bir	C	3	563.794	0.494	0	0	0	6.93	0	1.375	9.57	0	48.213	227.722	0	13.607	192.973	18.04	1.73	4.71	NA
11	C_2	A	3	577.128	0.564	0	0	2.497	9.625	0	2.101	9.108	0	51.964	8.833	0	137.951	259.985	23.232	2.84	1.73	NA
10A	Bir	A	6	560.55	0.496	0	0	0	6.204	0	0	9.35	0	49.621	245.707	0	0	200.189	18.304	2.1	3.01	NA
10B	Bir	B	6	578.976	0.514	0	0	0	6.105	0	0	9.438	0	48.532	244.651	0	0	179.949	17.644	2.1	0.03	NA
10C	Bir	C	6	576.066	0.504	0	0	0	6.468	0	0	9.482	0	51.436	248.974	0	0	204.413	19.261	2.84	2.16	NA
11	C_2	A	6	588.632	0.576	0	0	2.97	9.251	0	0	9.262	0	51.711	8.503	0	142.274	284.361	23.364	3.21	18.73	NA
10A	Bir	A	10	576.068	0.518	45.023	0	2.959	5.753	0	4.884	9.977	0	51.656	379.412	0	27.742	247.885	19.734	1.36	20.85	NA
10B	Bir	B	10	572.71	0.516	0	0	2.09	5.39	0	3.817	9.933	0	48.961	379.72	0	18.92	217.107	18.579	1.36	3.43	NA
10C	Bir	C	10	564.052	0.508	0	0	3.96	5.687	0	4.521	9.889	0	49.654	334.356	0	38.566	239.745	19.393	1.36	2.58	NA
11	C_2	A	10	587.97	0.598	0	0	3.322	8.866	0	0	9.405	0	50.732	8.481	0	139.414	308.22	23.111	1.36	13.63	NA
10A	Bir	A	20	570.224	0.518	0	0	5.456	5.181	0	2.2	9.889	0	49.676	362.043	0	61.105	297.176	19.569	5.06	3.43	NA
10B	Bir	B	20	570.798	0.546	0	0	3.157	5.104	0	2.332	10.021	0	50.688	306.614	0	28.534	289.938	19.459	3.58	0	NA
10C	Bir	C	20	567.302	0.508	0	0	5.654	5.643	0	2.09	9.944	0	50.908	349.624	0	76.01	307.681	20.339	2.84	9.38	NA
11	C_2	A	20	571.796	0.538	0	0	3.652	8.393	0	0	9.658	0	48.763	8.217	0	142.23	326.458	22.682	0.99	12.78	NA
